accuracy: 0.872093023255814
precision: 0.8555555555555555
recall: 0.8415300546448088
f1_score: 0.8484848484848485
roc_auc_score: 0.9366164465387934
