accuracy: 0.8674418604651163
precision: 0.8539325842696629
recall: 0.8306010928961749
f1_score: 0.8421052631578947
roc_auc_score: 0.9382314550563041
