accuracy: 0.8558139534883721
precision: 0.8342541436464088
recall: 0.825136612021858
f1_score: 0.8296703296703297
roc_auc_score: 0.9323466294993473
