accuracy: 0.8534883720930233
precision: 0.8296703296703297
recall: 0.825136612021858
f1_score: 0.8273972602739726
roc_auc_score: 0.9321032720515032
