accuracy: 0.8488372093023255
precision: 0.8241758241758241
recall: 0.819672131147541
f1_score: 0.821917808219178
roc_auc_score: 0.9276564677772615
