accuracy: 0.8558139534883721
precision: 0.8418079096045198
recall: 0.8142076502732241
f1_score: 0.8277777777777777
roc_auc_score: 0.9299130550209067
