accuracy: 0.858139534883721
precision: 0.8388888888888889
recall: 0.825136612021858
f1_score: 0.8319559228650137
roc_auc_score: 0.9319041614123581
